-242 —

Veget. ΙΙ 28, 23-25, Peiag. 24.

 

11 28, 28. 29. , 231.

Π 29, 1. , 374.

Π 30. 378.

II 31. 454.

Π 32. 373.

II 33. 152. 153. 155.
ΙΙ 35 (of. V 60, 1). 168.

ΙΙΙ 7, 1—3. 50. 51. 53.
III 9, 6. of. 405.

111 14, 4-6. 54. 55.

ΙΙΙ 20, 2. cf. 435.

ΙΙΙ 22, 3. 412.

III 22, 4. 416.

111 22, 5. 426.

ΠΙ 22, 6. 413. 415.

111 22, 7. 419.

ΙΙΙ 22, 8. 428.

111 22, 9-11. 436. 437.

ΠΙ 22, 12. 423.

ΙΙΙ 22, 13. 431.

111 22, 14. 429.

ΙΙΙ 22, 15. 434.

ΙΙΙ 24. 56. 57.

III 29. cf. 58.

111 31. cf. 66.

]Π 32. 69.
,ΠΙ 34, 1 (of. ΠΙ 14, 1). 63.

ΙΙΙ 34, 2. 3. 65.

111 35. 305.

HI 36 (cf. ΙΙ 10). 59.

111 45, 1-7. 43. 44.

III 48, 2-4. 200-202.

III 48, 4. 5. 194. 196. 197.
ΠΙ 48, 8. 193.

11149, 3. 4, 228-230, 232.
11149, 5. 259. -

ΠΙ 55, 7. 254.

ΠΙ 57, 3. 227.

111 58, 1. 226. 231.

111 58, 2. 253. 264.

111 60, 2. 169. 181.

III 61. 171. 182.

III 62, 1. 2. 164. 165. 170. 174.
11163. 166. 167. 176.

III 64. 175.

